# This file may be used to create an environment using:
# $ conda create --name <env> --file <this file>
# platform: win-64
flask=0.10.1=py27_1
itsdangerous=0.24=py27_0
jinja2=2.8=py27_0
markupsafe=0.23=py27_1
mkl=11.3.3=1
numpy=1.11.0=py27_1
pip=8.1.1=py27_1
python=2.7.11=4
scipy=0.17.1=np111py27_0
setuptools=20.7.0=py27_0
vs2008_runtime=9.00.30729.1=0
vs2010_runtime=10.00.40219.1=0
werkzeug=0.11.9=py27_0
wheel=0.29.0=py27_0
